{
 "cells": [
  {
   "cell_type": "code",
   "execution_count": 1,
   "metadata": {},
   "outputs": [],
   "source": [
    "from typing import List, Dict, Set, Any, Optional, Tuple, Literal, Callable\n",
    "import numpy as np\n",
    "import torch\n",
    "from torch import Tensor\n",
    "import sigkernel\n",
    "import os\n",
    "import sys\n",
    "import tslearn\n",
    "import tslearn.metrics\n",
    "import ksig\n",
    "\n",
    "from kernels.abstract_base import TimeSeriesKernel, StaticKernel\n",
    "from kernels.static_kernels import LinearKernel, RBFKernel, PolyKernel\n",
    "from kernels.integral_type import StaticIntegralKernel\n",
    "from kernels.sig_pde import SigPDEKernel\n",
    "from kernels.sig_trunc import TruncSigKernel\n",
    "from kernels.gak import GlobalAlignmentKernel"
   ]
  },
  {
   "cell_type": "code",
   "execution_count": null,
   "metadata": {},
   "outputs": [],
   "source": [
    "# Test how jitting works\n",
    "\n",
    "test_X = torch.rand(2, 100, 3).cuda()\n",
    "X = torch.rand(20, 100, 20).cuda()\n",
    "\n",
    "ker = TruncSigKernel(RBFKernel(), 5, 1, only_last=True, max_batch=100)\n",
    "out = ker(test_X, test_X)\n",
    "print(out.shape)"
   ]
  },
  {
   "cell_type": "code",
   "execution_count": null,
   "metadata": {},
   "outputs": [],
   "source": [
    "ker(X,X).shape"
   ]
  },
  {
   "cell_type": "code",
   "execution_count": 5,
   "metadata": {},
   "outputs": [
    {
     "name": "stdout",
     "output_type": "stream",
     "text": [
      "out\n",
      "\n",
      "\n",
      "\n",
      "[[1.         0.73627027 0.77307606 0.74218511 0.81982299 0.66653815\n",
      "  0.69460768 0.67596821 0.7158322  0.66307154 0.66399594 0.70453879\n",
      "  0.73837668 0.62950863 0.72073267 0.84827092 0.76413235 0.71302505\n",
      "  0.753775   0.7351122 ]\n",
      " [0.73627027 1.         0.78439778 0.79982068 0.70482213 0.7060493\n",
      "  0.6912417  0.73804002 0.71649658 0.79378332 0.76641393 0.77752324\n",
      "  0.84567582 0.70935137 0.81459535 0.75696288 0.76499484 0.715232\n",
      "  0.87216841 0.82387521]\n",
      " [0.77307606 0.78439778 1.         0.82731218 0.81520775 0.74850455\n",
      "  0.76585649 0.85086859 0.82564942 0.74849673 0.83113054 0.78320897\n",
      "  0.75446186 0.78611742 0.86107949 0.88603931 0.80691759 0.86521207\n",
      "  0.82862618 0.80563945]\n",
      " [0.74218511 0.79982068 0.82731218 1.         0.81433598 0.71615435\n",
      "  0.7272935  0.77051716 0.76369119 0.74869885 0.77249096 0.79035821\n",
      "  0.76305924 0.71984038 0.83096153 0.81083461 0.77009325 0.79414197\n",
      "  0.86296792 0.83241188]\n",
      " [0.81982299 0.70482213 0.81520775 0.81433598 1.         0.67816269\n",
      "  0.63621623 0.71815475 0.69511172 0.6458317  0.68160712 0.70231565\n",
      "  0.65730823 0.6382444  0.74661538 0.84574255 0.82064697 0.77858767\n",
      "  0.73782596 0.78356115]\n",
      " [0.66653815 0.7060493  0.74850455 0.71615435 0.67816269 1.\n",
      "  0.64930832 0.7943658  0.68376281 0.69916893 0.81710239 0.83877294\n",
      "  0.71558455 0.73300164 0.68619293 0.80496981 0.61961856 0.7200668\n",
      "  0.73137432 0.78511403]\n",
      " [0.69460768 0.6912417  0.76585649 0.7272935  0.63621623 0.64930832\n",
      "  1.         0.75329203 0.71291902 0.66948233 0.77583718 0.70396441\n",
      "  0.72930912 0.70806978 0.66594772 0.72240446 0.71428696 0.71005562\n",
      "  0.73662209 0.73185977]\n",
      " [0.67596821 0.73804002 0.85086859 0.77051716 0.71815475 0.7943658\n",
      "  0.75329203 1.         0.7349891  0.80411154 0.78904633 0.78406112\n",
      "  0.75055943 0.74557357 0.76958052 0.80791868 0.72168555 0.77433957\n",
      "  0.74171841 0.8081912 ]\n",
      " [0.7158322  0.71649658 0.82564942 0.76369119 0.69511172 0.68376281\n",
      "  0.71291902 0.7349891  1.         0.806191   0.78444174 0.77286149\n",
      "  0.73884408 0.78024408 0.86002301 0.79316505 0.81681215 0.70784551\n",
      "  0.82540232 0.64375972]\n",
      " [0.66307154 0.79378332 0.74849673 0.74869885 0.6458317  0.69916893\n",
      "  0.66948233 0.80411154 0.806191   1.         0.76149096 0.8363591\n",
      "  0.78271172 0.72008906 0.78212084 0.73193093 0.74039561 0.66460797\n",
      "  0.77546184 0.71988246]\n",
      " [0.66399594 0.76641393 0.83113054 0.77249096 0.68160712 0.81710239\n",
      "  0.77583718 0.78904633 0.78444174 0.76149096 1.         0.83816141\n",
      "  0.80154774 0.78328593 0.79494797 0.77241714 0.75594469 0.77331773\n",
      "  0.84282071 0.79515551]\n",
      " [0.70453879 0.77752324 0.78320897 0.79035821 0.70231565 0.83877294\n",
      "  0.70396441 0.78406112 0.77286149 0.8363591  0.83816141 1.\n",
      "  0.79518224 0.72480609 0.81322581 0.8205931  0.71516367 0.76211683\n",
      "  0.79072806 0.83263368]\n",
      " [0.73837668 0.84567582 0.75446186 0.76305924 0.65730823 0.71558455\n",
      "  0.72930912 0.75055943 0.73884408 0.78271172 0.80154774 0.79518224\n",
      "  1.         0.71326586 0.79057366 0.77532322 0.73716538 0.72543239\n",
      "  0.86416233 0.81695441]\n",
      " [0.62950863 0.70935137 0.78611742 0.71984038 0.6382444  0.73300164\n",
      "  0.70806978 0.74557357 0.78024408 0.72008906 0.78328593 0.72480609\n",
      "  0.71326586 1.         0.74584472 0.76712941 0.73626078 0.65356242\n",
      "  0.74971653 0.65514324]\n",
      " [0.72073267 0.81459535 0.86107949 0.83096153 0.74661538 0.68619293\n",
      "  0.66594772 0.76958052 0.86002301 0.78212084 0.79494797 0.81322581\n",
      "  0.79057366 0.74584472 1.         0.82329713 0.82192169 0.75577218\n",
      "  0.84652435 0.75181647]\n",
      " [0.84827092 0.75696288 0.88603931 0.81083461 0.84574255 0.80496981\n",
      "  0.72240446 0.80791868 0.79316505 0.73193093 0.77241714 0.8205931\n",
      "  0.77532322 0.76712941 0.82329713 1.         0.78549954 0.84137627\n",
      "  0.80354219 0.82209283]\n",
      " [0.76413235 0.76499484 0.80691759 0.77009325 0.82064697 0.61961856\n",
      "  0.71428696 0.72168555 0.81681215 0.74039561 0.75594469 0.71516367\n",
      "  0.73716538 0.73626078 0.82192169 0.78549954 1.         0.69745952\n",
      "  0.80313264 0.70166679]\n",
      " [0.71302505 0.715232   0.86521207 0.79414197 0.77858767 0.7200668\n",
      "  0.71005562 0.77433957 0.70784551 0.66460797 0.77331773 0.76211683\n",
      "  0.72543239 0.65356242 0.75577218 0.84137627 0.69745952 1.\n",
      "  0.77251547 0.81921479]\n",
      " [0.753775   0.87216841 0.82862618 0.86296792 0.73782596 0.73137432\n",
      "  0.73662209 0.74171841 0.82540232 0.77546184 0.84282071 0.79072806\n",
      "  0.86416233 0.74971653 0.84652435 0.80354219 0.80313264 0.77251547\n",
      "  1.         0.80263398]\n",
      " [0.7351122  0.82387521 0.80563945 0.83241188 0.78356115 0.78511403\n",
      "  0.73185977 0.8081912  0.64375972 0.71988246 0.79515551 0.83263368\n",
      "  0.81695441 0.65514324 0.75181647 0.82209283 0.70166679 0.81921479\n",
      "  0.80263398 1.        ]]\n",
      "tensor([[1.0000, 0.7363, 0.7731, 0.7422, 0.8198, 0.6665, 0.6946, 0.6760, 0.7158,\n",
      "         0.6631, 0.6640, 0.7045, 0.7384, 0.6295, 0.7207, 0.8483, 0.7641, 0.7130,\n",
      "         0.7538, 0.7351],\n",
      "        [0.7363, 1.0000, 0.7844, 0.7998, 0.7048, 0.7060, 0.6912, 0.7380, 0.7165,\n",
      "         0.7938, 0.7664, 0.7775, 0.8457, 0.7094, 0.8146, 0.7570, 0.7650, 0.7152,\n",
      "         0.8722, 0.8239],\n",
      "        [0.7731, 0.7844, 1.0000, 0.8273, 0.8152, 0.7485, 0.7659, 0.8509, 0.8256,\n",
      "         0.7485, 0.8311, 0.7832, 0.7545, 0.7861, 0.8611, 0.8860, 0.8069, 0.8652,\n",
      "         0.8286, 0.8056],\n",
      "        [0.7422, 0.7998, 0.8273, 1.0000, 0.8143, 0.7162, 0.7273, 0.7705, 0.7637,\n",
      "         0.7487, 0.7725, 0.7904, 0.7631, 0.7198, 0.8310, 0.8108, 0.7701, 0.7941,\n",
      "         0.8630, 0.8324],\n",
      "        [0.8198, 0.7048, 0.8152, 0.8143, 1.0000, 0.6782, 0.6362, 0.7182, 0.6951,\n",
      "         0.6458, 0.6816, 0.7023, 0.6573, 0.6382, 0.7466, 0.8457, 0.8206, 0.7786,\n",
      "         0.7378, 0.7836],\n",
      "        [0.6665, 0.7060, 0.7485, 0.7162, 0.6782, 1.0000, 0.6493, 0.7944, 0.6838,\n",
      "         0.6992, 0.8171, 0.8388, 0.7156, 0.7330, 0.6862, 0.8050, 0.6196, 0.7201,\n",
      "         0.7314, 0.7851],\n",
      "        [0.6946, 0.6912, 0.7659, 0.7273, 0.6362, 0.6493, 1.0000, 0.7533, 0.7129,\n",
      "         0.6695, 0.7758, 0.7040, 0.7293, 0.7081, 0.6659, 0.7224, 0.7143, 0.7101,\n",
      "         0.7366, 0.7319],\n",
      "        [0.6760, 0.7380, 0.8509, 0.7705, 0.7182, 0.7944, 0.7533, 1.0000, 0.7350,\n",
      "         0.8041, 0.7890, 0.7841, 0.7506, 0.7456, 0.7696, 0.8079, 0.7217, 0.7743,\n",
      "         0.7417, 0.8082],\n",
      "        [0.7158, 0.7165, 0.8256, 0.7637, 0.6951, 0.6838, 0.7129, 0.7350, 1.0000,\n",
      "         0.8062, 0.7844, 0.7729, 0.7388, 0.7802, 0.8600, 0.7932, 0.8168, 0.7078,\n",
      "         0.8254, 0.6438],\n",
      "        [0.6631, 0.7938, 0.7485, 0.7487, 0.6458, 0.6992, 0.6695, 0.8041, 0.8062,\n",
      "         1.0000, 0.7615, 0.8364, 0.7827, 0.7201, 0.7821, 0.7319, 0.7404, 0.6646,\n",
      "         0.7755, 0.7199],\n",
      "        [0.6640, 0.7664, 0.8311, 0.7725, 0.6816, 0.8171, 0.7758, 0.7890, 0.7844,\n",
      "         0.7615, 1.0000, 0.8382, 0.8015, 0.7833, 0.7949, 0.7724, 0.7559, 0.7733,\n",
      "         0.8428, 0.7952],\n",
      "        [0.7045, 0.7775, 0.7832, 0.7904, 0.7023, 0.8388, 0.7040, 0.7841, 0.7729,\n",
      "         0.8364, 0.8382, 1.0000, 0.7952, 0.7248, 0.8132, 0.8206, 0.7152, 0.7621,\n",
      "         0.7907, 0.8326],\n",
      "        [0.7384, 0.8457, 0.7545, 0.7631, 0.6573, 0.7156, 0.7293, 0.7506, 0.7388,\n",
      "         0.7827, 0.8015, 0.7952, 1.0000, 0.7133, 0.7906, 0.7753, 0.7372, 0.7254,\n",
      "         0.8642, 0.8170],\n",
      "        [0.6295, 0.7094, 0.7861, 0.7198, 0.6382, 0.7330, 0.7081, 0.7456, 0.7802,\n",
      "         0.7201, 0.7833, 0.7248, 0.7133, 1.0000, 0.7458, 0.7671, 0.7363, 0.6536,\n",
      "         0.7497, 0.6551],\n",
      "        [0.7207, 0.8146, 0.8611, 0.8310, 0.7466, 0.6862, 0.6659, 0.7696, 0.8600,\n",
      "         0.7821, 0.7949, 0.8132, 0.7906, 0.7458, 1.0000, 0.8233, 0.8219, 0.7558,\n",
      "         0.8465, 0.7518],\n",
      "        [0.8483, 0.7570, 0.8860, 0.8108, 0.8457, 0.8050, 0.7224, 0.8079, 0.7932,\n",
      "         0.7319, 0.7724, 0.8206, 0.7753, 0.7671, 0.8233, 1.0000, 0.7855, 0.8414,\n",
      "         0.8035, 0.8221],\n",
      "        [0.7641, 0.7650, 0.8069, 0.7701, 0.8206, 0.6196, 0.7143, 0.7217, 0.8168,\n",
      "         0.7404, 0.7559, 0.7152, 0.7372, 0.7363, 0.8219, 0.7855, 1.0000, 0.6975,\n",
      "         0.8031, 0.7017],\n",
      "        [0.7130, 0.7152, 0.8652, 0.7941, 0.7786, 0.7201, 0.7101, 0.7743, 0.7078,\n",
      "         0.6646, 0.7733, 0.7621, 0.7254, 0.6536, 0.7558, 0.8414, 0.6975, 1.0000,\n",
      "         0.7725, 0.8192],\n",
      "        [0.7538, 0.8722, 0.8286, 0.8630, 0.7378, 0.7314, 0.7366, 0.7417, 0.8254,\n",
      "         0.7755, 0.8428, 0.7907, 0.8642, 0.7497, 0.8465, 0.8035, 0.8031, 0.7725,\n",
      "         1.0000, 0.8026],\n",
      "        [0.7351, 0.8239, 0.8056, 0.8324, 0.7836, 0.7851, 0.7319, 0.8082, 0.6438,\n",
      "         0.7199, 0.7952, 0.8326, 0.8170, 0.6551, 0.7518, 0.8221, 0.7017, 0.8192,\n",
      "         0.8026, 1.0000]], device='cuda:0', dtype=torch.float64)\n",
      "6.463163337855349e-15\n"
     ]
    }
   ],
   "source": [
    "#### Test GAK ####\n",
    "N=20\n",
    "N2=10\n",
    "T, d = 70, 2\n",
    "torch.manual_seed(0)\n",
    "X = torch.randn(N, T, d, dtype=torch.float64).to(\"cuda\") / d\n",
    "Y = torch.randn(N2, T, d, dtype=torch.float64).to(\"cuda\") / d\n",
    "X_np = X.cpu().numpy()\n",
    "Y_np = Y.cpu().numpy()\n",
    "\n",
    "sigma = tslearn.metrics.sigma_gak(X_np)\n",
    "gak = tslearn.metrics.cdist_gak\n",
    "ksiggak = ksig.kernels.GlobalAlignmentKernel(static_kernel=ksig.static.kernels.RBFKernel(bandwidth=sigma))\n",
    "mine = GlobalAlignmentKernel(RBFKernel(sigma=1/sigma**2/2), normalize=True)\n",
    "\n",
    "#out = gak(X, X, sigma=sigma)\n",
    "out2 = ksiggak(X_np, X_np)\n",
    "out3 = mine(X, X)\n",
    "print(\"out\\n\\n\\n\")\n",
    "#print(out)\n",
    "print(out2)\n",
    "print(out3)\n",
    "print(np.mean(np.abs(out2 - out3.cpu().numpy())))"
   ]
  },
  {
   "cell_type": "code",
   "execution_count": 6,
   "metadata": {},
   "outputs": [
    {
     "name": "stdout",
     "output_type": "stream",
     "text": [
      "Execution time of function 2: 0.09977894100029516\n",
      "Execution time of function 3: 1.3846606770002836\n"
     ]
    }
   ],
   "source": [
    "import timeit\n",
    "\n",
    "def function1():\n",
    "    gak(X, X, sigma=sigma)\n",
    "\n",
    "def function2():\n",
    "    ksiggak(X_np, X_np)\n",
    "\n",
    "def function3():\n",
    "    mine(X, X)\n",
    "\n",
    "# Measure the execution time of function 1\n",
    "execution_time1 = timeit.timeit(function1, number=1)\n",
    "\n",
    "# Measure the execution time of function 2\n",
    "execution_time2 = timeit.timeit(function2, number=10)\n",
    "\n",
    "# Measure the execution time of function 3\n",
    "execution_time3 = timeit.timeit(function3, number=10)\n",
    "\n",
    "print(\"Execution time of function 1:\", execution_time1)\n",
    "print(\"Execution time of function 2:\", execution_time2)\n",
    "print(\"Execution time of function 3:\", execution_time3)\n"
   ]
  },
  {
   "cell_type": "code",
   "execution_count": null,
   "metadata": {},
   "outputs": [],
   "source": [
    "#### test dimensions of TimeSeriesKernels ####\n",
    "\n",
    "N=3\n",
    "N2=4\n",
    "T, d = 40, 5\n",
    "X = torch.randn(N, T, d, dtype=torch.float64) / d\n",
    "Y = torch.randn(N2, T, d, dtype=torch.float64) / d\n",
    "\n",
    "inputs = [\n",
    "    (X, X),\n",
    "    (X, Y),\n",
    "    (X[0], X[0]),\n",
    "    (X[0], Y[0]),\n",
    "    (X[0], Y),\n",
    "    (X, Y[0]),\n",
    "]\n",
    "diag_inputs = [\n",
    "    (X, X),\n",
    "    (X, Y[:N]),\n",
    "    (X[0], X[0]),\n",
    "    (X[0], Y[0]),\n",
    "]\n",
    "def test_kernel(ker: TimeSeriesKernel, inputs, diag=False):\n",
    "    print(ker)\n",
    "    for X, Y in inputs:\n",
    "        out = ker(X, Y, diag, normalize=False)\n",
    "        out_normalize = ker(X, Y, diag, normalize=True)\n",
    "        print(out)\n",
    "        print(out_normalize)\n",
    "        print(out.shape)\n",
    "    print()\n",
    "\n",
    "\n",
    "sigker = TruncSigKernel(static_kernel=RBFKernel(), \n",
    "                        trunc_level=4, \n",
    "                        geo_order=1,\n",
    "                        only_last=True,)\n",
    "test_kernel(sigker, inputs)\n",
    "test_kernel(sigker, diag_inputs, True)\n",
    "\n",
    "sigpde = SigPDEKernel(static_kernel=RBFKernel(),\n",
    "                     dyadic_order=3,)\n",
    "test_kernel(sigpde, inputs)\n",
    "test_kernel(sigpde, diag_inputs, True)\n",
    "\n",
    "intker = StaticIntegralKernel(static_kernel=RBFKernel())\n",
    "test_kernel(intker, inputs)\n",
    "test_kernel(intker, diag_inputs, True)"
   ]
  },
  {
   "cell_type": "code",
   "execution_count": null,
   "metadata": {},
   "outputs": [],
   "source": [
    "import numpy as np\n",
    "import ksig\n",
    "\n",
    "# Number of signature levels to use.\n",
    "n_levels = 5 \n",
    "\n",
    "# Use the RBF kernel for vector-valued data as static (base) kernel.\n",
    "static_kernel = ksig.static.kernels.RBFKernel() \n",
    "\n",
    "# Instantiate the signature kernel, which takes as input the static kernel.\n",
    "n_levels = 5\n",
    "order = 1\n",
    "sig_kernel = ksig.kernels.SignatureKernel(n_levels=n_levels, order=order, static_kernel=static_kernel)\n",
    "\n",
    "# Generate 10 sequences of length 50 with 5 channels.\n",
    "n_seq, l_seq, n_feat = 10, 50, 5 \n",
    "X = np.random.randn(n_seq, l_seq, n_feat)\n",
    "\n",
    "# Sequence kernels take as input an array of sequences of ndim == 3,\n",
    "# and work as a callable for computing the kernel matrix. \n",
    "K_XX = sig_kernel(X)  # K_XX has shape (10, 10).\n",
    "\n",
    "# The diagonal kernel entries can also be computed.\n",
    "K_X = sig_kernel(X, diag=True)  # K_X has shape (10,).\n",
    "\n",
    "# Generate another array of 8 sequences of length 20 and 5 features.\n",
    "n_seq2, l_seq2 = 8, 20\n",
    "Y = np.random.randn(n_seq2, l_seq2, n_feat)\n",
    "\n",
    "# Compute the kernel matrix between arrays X and Y.\n",
    "K_XY = sig_kernel(X, Y)  # K_XY has shape (10, 8)\n",
    "K_XY"
   ]
  }
 ],
 "metadata": {
  "kernelspec": {
   "display_name": "Python 3",
   "language": "python",
   "name": "python3"
  },
  "language_info": {
   "codemirror_mode": {
    "name": "ipython",
    "version": 3
   },
   "file_extension": ".py",
   "mimetype": "text/x-python",
   "name": "python",
   "nbconvert_exporter": "python",
   "pygments_lexer": "ipython3",
   "version": "3.11.8"
  }
 },
 "nbformat": 4,
 "nbformat_minor": 2
}
