{
 "cells": [
  {
   "cell_type": "code",
   "execution_count": 1,
   "metadata": {},
   "outputs": [],
   "source": [
    "from typing import List, Dict, Set, Any, Optional, Tuple, Literal, Callable\n",
    "import numpy as np\n",
    "import torch\n",
    "from torch import Tensor\n",
    "import sigkernel\n",
    "import os\n",
    "import sys\n",
    "import tslearn\n",
    "import tslearn.metrics\n",
    "import ksig\n",
    "\n",
    "from kernels.abstract_base import TimeSeriesKernel, StaticKernel\n",
    "from kernels.static_kernels import LinearKernel, RBFKernel, PolyKernel\n",
    "from kernels.integral_type import StaticIntegralKernel\n",
    "from kernels.sig_pde import SigPDEKernel\n",
    "from kernels.sig_trunc import TruncSigKernel\n",
    "from kernels.gak import GlobalAlignmentKernel, sigma_gak"
   ]
  },
  {
   "cell_type": "code",
   "execution_count": 6,
   "metadata": {},
   "outputs": [
    {
     "name": "stdout",
     "output_type": "stream",
     "text": [
      "[[1.         0.7540992  0.70017813 0.73076815 0.79172403 0.74061951\n",
      "  0.77944886 0.75342208 0.73762893 0.75941637 0.75821997 0.7475975\n",
      "  0.70071841 0.73777793 0.74828175 0.7118317  0.70268679 0.78227631\n",
      "  0.78041343 0.79369403]\n",
      " [0.7540992  1.         0.69360242 0.71461977 0.7366674  0.64711318\n",
      "  0.75684254 0.73124829 0.73688774 0.6910495  0.7338578  0.67236507\n",
      "  0.69116014 0.67785651 0.67920512 0.6837755  0.69379764 0.68345998\n",
      "  0.72759608 0.69094143]\n",
      " [0.70017813 0.69360242 1.         0.71696036 0.72487987 0.73577635\n",
      "  0.68342452 0.72977964 0.75192665 0.68520892 0.68761219 0.67551447\n",
      "  0.71254332 0.68042519 0.67846466 0.68424072 0.66775809 0.67667531\n",
      "  0.70367363 0.72839963]\n",
      " [0.73076815 0.71461977 0.71696036 1.         0.76533235 0.77556055\n",
      "  0.7385337  0.76252214 0.77793273 0.74026728 0.73721612 0.75681035\n",
      "  0.75333759 0.71347713 0.72466037 0.75355237 0.78362487 0.73385204\n",
      "  0.74189952 0.73877157]\n",
      " [0.79172403 0.7366674  0.72487987 0.76533235 1.         0.72972139\n",
      "  0.75248879 0.71612018 0.76235481 0.70576778 0.74330649 0.76105541\n",
      "  0.73885556 0.7575749  0.68812853 0.75176914 0.71620408 0.72553826\n",
      "  0.73537371 0.76988144]\n",
      " [0.74061951 0.64711318 0.73577635 0.77556055 0.72972139 1.\n",
      "  0.72279604 0.72581856 0.7588366  0.70684861 0.74823523 0.74384739\n",
      "  0.74967832 0.72889273 0.72441075 0.76198082 0.69772368 0.74001508\n",
      "  0.77388522 0.75883207]\n",
      " [0.77944886 0.75684254 0.68342452 0.7385337  0.75248879 0.72279604\n",
      "  1.         0.76244906 0.77738402 0.73834986 0.75529627 0.73502077\n",
      "  0.67919696 0.73212516 0.77019333 0.71549976 0.69831619 0.75002687\n",
      "  0.72447844 0.74126305]\n",
      " [0.75342208 0.73124829 0.72977964 0.76252214 0.71612018 0.72581856\n",
      "  0.76244906 1.         0.80083252 0.73296648 0.77661801 0.73199882\n",
      "  0.72347155 0.69917825 0.70984487 0.69690282 0.76574315 0.72079698\n",
      "  0.74746505 0.74309151]\n",
      " [0.73762893 0.73688774 0.75192665 0.77793273 0.76235481 0.7588366\n",
      "  0.77738402 0.80083252 1.         0.69416646 0.79515242 0.76646155\n",
      "  0.71680805 0.76954441 0.75216286 0.74866841 0.79004778 0.75468091\n",
      "  0.77822948 0.73416328]\n",
      " [0.75941637 0.6910495  0.68520892 0.74026728 0.70576778 0.70684861\n",
      "  0.73834986 0.73296648 0.69416646 1.         0.71975532 0.77096502\n",
      "  0.72584506 0.73196338 0.73250571 0.70801619 0.7367374  0.74290145\n",
      "  0.71237389 0.74686274]\n",
      " [0.75821997 0.7338578  0.68761219 0.73721612 0.74330649 0.74823523\n",
      "  0.75529627 0.77661801 0.79515242 0.71975532 1.         0.79559411\n",
      "  0.71976232 0.76759409 0.72073881 0.7281514  0.78062437 0.72156116\n",
      "  0.7730329  0.78805341]\n",
      " [0.7475975  0.67236507 0.67551447 0.75681035 0.76105541 0.74384739\n",
      "  0.73502077 0.73199882 0.76646155 0.77096502 0.79559411 1.\n",
      "  0.71092396 0.78594361 0.70624036 0.7456146  0.79443219 0.68292975\n",
      "  0.72300368 0.74205356]\n",
      " [0.70071841 0.69116014 0.71254332 0.75333759 0.73885556 0.74967832\n",
      "  0.67919696 0.72347155 0.71680805 0.72584506 0.71976232 0.71092396\n",
      "  1.         0.71231468 0.69958592 0.74360811 0.75492982 0.77200018\n",
      "  0.75567344 0.74737427]\n",
      " [0.73777793 0.67785651 0.68042519 0.71347713 0.7575749  0.72889273\n",
      "  0.73212516 0.69917825 0.76954441 0.73196338 0.76759409 0.78594361\n",
      "  0.71231468 1.         0.73447594 0.73171198 0.72549913 0.73742869\n",
      "  0.72612421 0.73231414]\n",
      " [0.74828175 0.67920512 0.67846466 0.72466037 0.68812853 0.72441075\n",
      "  0.77019333 0.70984487 0.75216286 0.73250571 0.72073881 0.70624036\n",
      "  0.69958592 0.73447594 1.         0.76929943 0.73707759 0.79269103\n",
      "  0.71493648 0.7701705 ]\n",
      " [0.7118317  0.6837755  0.68424072 0.75355237 0.75176914 0.76198082\n",
      "  0.71549976 0.69690282 0.74866841 0.70801619 0.7281514  0.7456146\n",
      "  0.74360811 0.73171198 0.76929943 1.         0.76395934 0.72126867\n",
      "  0.73841781 0.742457  ]\n",
      " [0.70268679 0.69379764 0.66775809 0.78362487 0.71620408 0.69772368\n",
      "  0.69831619 0.76574315 0.79004778 0.7367374  0.78062437 0.79443219\n",
      "  0.75492982 0.72549913 0.73707759 0.76395934 1.         0.72186395\n",
      "  0.73501192 0.73979515]\n",
      " [0.78227631 0.68345998 0.67667531 0.73385204 0.72553826 0.74001508\n",
      "  0.75002687 0.72079698 0.75468091 0.74290145 0.72156116 0.68292975\n",
      "  0.77200018 0.73742869 0.79269103 0.72126867 0.72186395 1.\n",
      "  0.76749685 0.76493571]\n",
      " [0.78041343 0.72759608 0.70367363 0.74189952 0.73537371 0.77388522\n",
      "  0.72447844 0.74746505 0.77822948 0.71237389 0.7730329  0.72300368\n",
      "  0.75567344 0.72612421 0.71493648 0.73841781 0.73501192 0.76749685\n",
      "  1.         0.79352667]\n",
      " [0.79369403 0.69094143 0.72839963 0.73877157 0.76988144 0.75883207\n",
      "  0.74126305 0.74309151 0.73416328 0.74686274 0.78805341 0.74205356\n",
      "  0.74737427 0.73231414 0.7701705  0.742457   0.73979515 0.76493571\n",
      "  0.79352667 1.        ]]\n",
      "tensor([[1.0000, 0.7541, 0.7002, 0.7308, 0.7917, 0.7406, 0.7794, 0.7534, 0.7376,\n",
      "         0.7594, 0.7582, 0.7476, 0.7007, 0.7378, 0.7483, 0.7118, 0.7027, 0.7823,\n",
      "         0.7804, 0.7937],\n",
      "        [0.7541, 1.0000, 0.6936, 0.7146, 0.7367, 0.6471, 0.7568, 0.7312, 0.7369,\n",
      "         0.6910, 0.7339, 0.6724, 0.6912, 0.6779, 0.6792, 0.6838, 0.6938, 0.6835,\n",
      "         0.7276, 0.6909],\n",
      "        [0.7002, 0.6936, 1.0000, 0.7170, 0.7249, 0.7358, 0.6834, 0.7298, 0.7519,\n",
      "         0.6852, 0.6876, 0.6755, 0.7125, 0.6804, 0.6785, 0.6842, 0.6678, 0.6767,\n",
      "         0.7037, 0.7284],\n",
      "        [0.7308, 0.7146, 0.7170, 1.0000, 0.7653, 0.7756, 0.7385, 0.7625, 0.7779,\n",
      "         0.7403, 0.7372, 0.7568, 0.7533, 0.7135, 0.7247, 0.7536, 0.7836, 0.7339,\n",
      "         0.7419, 0.7388],\n",
      "        [0.7917, 0.7367, 0.7249, 0.7653, 1.0000, 0.7297, 0.7525, 0.7161, 0.7624,\n",
      "         0.7058, 0.7433, 0.7611, 0.7389, 0.7576, 0.6881, 0.7518, 0.7162, 0.7255,\n",
      "         0.7354, 0.7699],\n",
      "        [0.7406, 0.6471, 0.7358, 0.7756, 0.7297, 1.0000, 0.7228, 0.7258, 0.7588,\n",
      "         0.7068, 0.7482, 0.7438, 0.7497, 0.7289, 0.7244, 0.7620, 0.6977, 0.7400,\n",
      "         0.7739, 0.7588],\n",
      "        [0.7794, 0.7568, 0.6834, 0.7385, 0.7525, 0.7228, 1.0000, 0.7624, 0.7774,\n",
      "         0.7383, 0.7553, 0.7350, 0.6792, 0.7321, 0.7702, 0.7155, 0.6983, 0.7500,\n",
      "         0.7245, 0.7413],\n",
      "        [0.7534, 0.7312, 0.7298, 0.7625, 0.7161, 0.7258, 0.7624, 1.0000, 0.8008,\n",
      "         0.7330, 0.7766, 0.7320, 0.7235, 0.6992, 0.7098, 0.6969, 0.7657, 0.7208,\n",
      "         0.7475, 0.7431],\n",
      "        [0.7376, 0.7369, 0.7519, 0.7779, 0.7624, 0.7588, 0.7774, 0.8008, 1.0000,\n",
      "         0.6942, 0.7952, 0.7665, 0.7168, 0.7695, 0.7522, 0.7487, 0.7900, 0.7547,\n",
      "         0.7782, 0.7342],\n",
      "        [0.7594, 0.6910, 0.6852, 0.7403, 0.7058, 0.7068, 0.7383, 0.7330, 0.6942,\n",
      "         1.0000, 0.7198, 0.7710, 0.7258, 0.7320, 0.7325, 0.7080, 0.7367, 0.7429,\n",
      "         0.7124, 0.7469],\n",
      "        [0.7582, 0.7339, 0.6876, 0.7372, 0.7433, 0.7482, 0.7553, 0.7766, 0.7952,\n",
      "         0.7198, 1.0000, 0.7956, 0.7198, 0.7676, 0.7207, 0.7282, 0.7806, 0.7216,\n",
      "         0.7730, 0.7881],\n",
      "        [0.7476, 0.6724, 0.6755, 0.7568, 0.7611, 0.7438, 0.7350, 0.7320, 0.7665,\n",
      "         0.7710, 0.7956, 1.0000, 0.7109, 0.7859, 0.7062, 0.7456, 0.7944, 0.6829,\n",
      "         0.7230, 0.7421],\n",
      "        [0.7007, 0.6912, 0.7125, 0.7533, 0.7389, 0.7497, 0.6792, 0.7235, 0.7168,\n",
      "         0.7258, 0.7198, 0.7109, 1.0000, 0.7123, 0.6996, 0.7436, 0.7549, 0.7720,\n",
      "         0.7557, 0.7474],\n",
      "        [0.7378, 0.6779, 0.6804, 0.7135, 0.7576, 0.7289, 0.7321, 0.6992, 0.7695,\n",
      "         0.7320, 0.7676, 0.7859, 0.7123, 1.0000, 0.7345, 0.7317, 0.7255, 0.7374,\n",
      "         0.7261, 0.7323],\n",
      "        [0.7483, 0.6792, 0.6785, 0.7247, 0.6881, 0.7244, 0.7702, 0.7098, 0.7522,\n",
      "         0.7325, 0.7207, 0.7062, 0.6996, 0.7345, 1.0000, 0.7693, 0.7371, 0.7927,\n",
      "         0.7149, 0.7702],\n",
      "        [0.7118, 0.6838, 0.6842, 0.7536, 0.7518, 0.7620, 0.7155, 0.6969, 0.7487,\n",
      "         0.7080, 0.7282, 0.7456, 0.7436, 0.7317, 0.7693, 1.0000, 0.7640, 0.7213,\n",
      "         0.7384, 0.7425],\n",
      "        [0.7027, 0.6938, 0.6678, 0.7836, 0.7162, 0.6977, 0.6983, 0.7657, 0.7900,\n",
      "         0.7367, 0.7806, 0.7944, 0.7549, 0.7255, 0.7371, 0.7640, 1.0000, 0.7219,\n",
      "         0.7350, 0.7398],\n",
      "        [0.7823, 0.6835, 0.6767, 0.7339, 0.7255, 0.7400, 0.7500, 0.7208, 0.7547,\n",
      "         0.7429, 0.7216, 0.6829, 0.7720, 0.7374, 0.7927, 0.7213, 0.7219, 1.0000,\n",
      "         0.7675, 0.7649],\n",
      "        [0.7804, 0.7276, 0.7037, 0.7419, 0.7354, 0.7739, 0.7245, 0.7475, 0.7782,\n",
      "         0.7124, 0.7730, 0.7230, 0.7557, 0.7261, 0.7149, 0.7384, 0.7350, 0.7675,\n",
      "         1.0000, 0.7935],\n",
      "        [0.7937, 0.6909, 0.7284, 0.7388, 0.7699, 0.7588, 0.7413, 0.7431, 0.7342,\n",
      "         0.7469, 0.7881, 0.7421, 0.7474, 0.7323, 0.7702, 0.7425, 0.7398, 0.7649,\n",
      "         0.7935, 1.0000]], device='cuda:0', dtype=torch.float64)\n",
      "5.100919686640282e-15\n",
      "Execution time of function 2: 0.0503688489999945\n",
      "Execution time of function 3: 1.5162639389999981\n"
     ]
    }
   ],
   "source": [
    "import ksig\n",
    "import timeit\n",
    "\n",
    "#### Test GAK ####\n",
    "N=20\n",
    "N2=10\n",
    "T, d = 40, 8\n",
    "torch.manual_seed(0)\n",
    "X = torch.randn(N, T, d, dtype=torch.float64).to(\"cuda\") / d\n",
    "Y = torch.randn(N2, T, d, dtype=torch.float64).to(\"cuda\") / d\n",
    "X_np = X.cpu().numpy()\n",
    "Y_np = Y.cpu().numpy()\n",
    "\n",
    "sigma = tslearn.metrics.sigma_gak(X_np)\n",
    "gak = tslearn.metrics.cdist_gak\n",
    "ksigker = ksig.kernels.GlobalAlignmentKernel(static_kernel=ksig.static.kernels.RBFKernel(bandwidth=sigma))\n",
    "mine = GlobalAlignmentKernel(RBFKernel(sigma=sigma), normalize=True)\n",
    "# ksigker = ksig.kernels.SignatureKernel(static_kernel=ksig.static.kernels.RBFKernel(bandwidth=sigma), n_levels=5, order=1)\n",
    "# mine = TruncSigKernel(RBFKernel(sigma=sigma), normalize=True, trunc_level=5, geo_order=1)\n",
    "\n",
    "\n",
    "#out = gak(X, X, sigma=sigma)\n",
    "out2 = ksigker(X_np, X_np)\n",
    "out3 = mine(X, X)\n",
    "#print(out)\n",
    "print(out2)\n",
    "print(out3)\n",
    "print(np.mean(np.abs(out2 - out3.cpu().numpy())))\n",
    "\n",
    "def function1():\n",
    "    gak(X, Y, sigma=sigma)\n",
    "\n",
    "def function2():\n",
    "    ksigker(X_np, Y_np)\n",
    "\n",
    "def function3():\n",
    "    with torch.no_grad():\n",
    "        mine(X, Y)\n",
    "\n",
    "# # Measure the execution time of function 1\n",
    "# execution_time1 = timeit.timeit(function1, number=1)\n",
    "\n",
    "# Measure the execution time of function 2\n",
    "execution_time2 = timeit.timeit(function2, number=10)\n",
    "\n",
    "# Measure the execution time of function 3\n",
    "execution_time3 = timeit.timeit(function3, number=10)\n",
    "\n",
    "#print(\"Execution time of function 1:\", execution_time1)\n",
    "print(\"Execution time of function 2:\", execution_time2)\n",
    "print(\"Execution time of function 3:\", execution_time3)"
   ]
  },
  {
   "cell_type": "code",
   "execution_count": null,
   "metadata": {},
   "outputs": [],
   "source": [
    "#### test dimensions of TimeSeriesKernels ####\n",
    "\n",
    "N=3\n",
    "N2=4\n",
    "T, d = 40, 5\n",
    "X = torch.randn(N, T, d, dtype=torch.float64) / d\n",
    "Y = torch.randn(N2, T, d, dtype=torch.float64) / d\n",
    "\n",
    "inputs = [\n",
    "    (X, X),\n",
    "    (X, Y),\n",
    "    (X[0], X[0]),\n",
    "    (X[0], Y[0]),\n",
    "    (X[0], Y),\n",
    "    (X, Y[0]),\n",
    "]\n",
    "diag_inputs = [\n",
    "    (X, X),\n",
    "    (X, Y[:N]),\n",
    "    (X[0], X[0]),\n",
    "    (X[0], Y[0]),\n",
    "]\n",
    "def test_kernel(ker: TimeSeriesKernel, inputs, diag=False):\n",
    "    print(ker)\n",
    "    for X, Y in inputs:\n",
    "        out = ker(X, Y, diag, normalize=False)\n",
    "        out_normalize = ker(X, Y, diag, normalize=True)\n",
    "        print(out)\n",
    "        print(out_normalize)\n",
    "        print(out.shape)\n",
    "    print()\n",
    "\n",
    "\n",
    "sigker = TruncSigKernel(static_kernel=RBFKernel(), \n",
    "                        trunc_level=4, \n",
    "                        geo_order=1,\n",
    "                        only_last=True,)\n",
    "test_kernel(sigker, inputs)\n",
    "test_kernel(sigker, diag_inputs, True)\n",
    "\n",
    "sigpde = SigPDEKernel(static_kernel=RBFKernel(),\n",
    "                     dyadic_order=3,)\n",
    "test_kernel(sigpde, inputs)\n",
    "test_kernel(sigpde, diag_inputs, True)\n",
    "\n",
    "intker = StaticIntegralKernel(static_kernel=RBFKernel())\n",
    "test_kernel(intker, inputs)\n",
    "test_kernel(intker, diag_inputs, True)"
   ]
  },
  {
   "cell_type": "code",
   "execution_count": null,
   "metadata": {},
   "outputs": [],
   "source": [
    "import numpy as np\n",
    "import ksig\n",
    "\n",
    "# Number of signature levels to use.\n",
    "n_levels = 5 \n",
    "\n",
    "# Use the RBF kernel for vector-valued data as static (base) kernel.\n",
    "static_kernel = ksig.static.kernels.RBFKernel() \n",
    "\n",
    "# Instantiate the signature kernel, which takes as input the static kernel.\n",
    "n_levels = 5\n",
    "order = 1\n",
    "sig_kernel = ksig.kernels.SignatureKernel(n_levels=n_levels, order=order, static_kernel=static_kernel)\n",
    "\n",
    "# Generate 10 sequences of length 50 with 5 channels.\n",
    "n_seq, l_seq, n_feat = 10, 50, 5 \n",
    "X = np.random.randn(n_seq, l_seq, n_feat)\n",
    "\n",
    "# Sequence kernels take as input an array of sequences of ndim == 3,\n",
    "# and work as a callable for computing the kernel matrix. \n",
    "K_XX = sig_kernel(X)  # K_XX has shape (10, 10).\n",
    "\n",
    "# The diagonal kernel entries can also be computed.\n",
    "K_X = sig_kernel(X, diag=True)  # K_X has shape (10,).\n",
    "\n",
    "# Generate another array of 8 sequences of length 20 and 5 features.\n",
    "n_seq2, l_seq2 = 8, 20\n",
    "Y = np.random.randn(n_seq2, l_seq2, n_feat)\n",
    "\n",
    "# Compute the kernel matrix between arrays X and Y.\n",
    "K_XY = sig_kernel(X, Y)  # K_XY has shape (10, 8)\n",
    "K_XY"
   ]
  }
 ],
 "metadata": {
  "kernelspec": {
   "display_name": "Python 3",
   "language": "python",
   "name": "python3"
  },
  "language_info": {
   "codemirror_mode": {
    "name": "ipython",
    "version": 3
   },
   "file_extension": ".py",
   "mimetype": "text/x-python",
   "name": "python",
   "nbconvert_exporter": "python",
   "pygments_lexer": "ipython3",
   "version": "3.11.8"
  }
 },
 "nbformat": 4,
 "nbformat_minor": 2
}
